1722586176757 0.7532467532467533 0
1722586177214 0.7532467532467533 0
1722586177465 0.7402597402597403 0
1722586177496 0.7727272727272727 0
1722586177622 0.7532467532467533 0
1722586177878 0.7532467532467533 0
1722586179618 0.7272727272727273 0
1722586179759 0.7662337662337663 0
1722586179791 0.7272727272727273 0
1722586179838 0.7727272727272727 0
1722586179939 0.7142857142857143 0
1722586179982 0.7402597402597403 0
1722586180018 0.7272727272727273 0
1722586180066 0.7077922077922078 0
1722586180129 0.7272727272727273 0
1722586180223 0.7142857142857143 0
1722586180270 0.7467532467532467 0
1722586180317 0.7272727272727273 0
1722586180349 0.7142857142857143 0
1722586180396 0.7337662337662337 0
1722586180458 0.7467532467532467 0
1722586180569 0.7792207792207793 0
1722586180850 0.7792207792207793 0
1722586181645 0.7727272727272727 0
1722586181976 0.7337662337662337 0
1722586182186 0.7727272727272727 0
1722586182387 0.7402597402597403 0
1722586182747 0.7077922077922078 0
1722586183392 0.7467532467532467 0
1722586183589 0.7532467532467533 0
1722586183880 0.7402597402597403 0
1722586183927 0.7077922077922078 0
1722586183958 0.7467532467532467 0
1722586184396 0.7142857142857143 0
1722586184428 0.7077922077922078 0
1722586184522 0.7467532467532467 0
1722586184694 0.7597402597402597 0
1722586184929 0.7662337662337663 0
1722586185244 0.7272727272727273 0
1722586185275 0.7272727272727273 0
1722586185307 0.7597402597402597 0
1722586186094 0.7662337662337663 0
1722586186487 0.7727272727272727 0
1722586186912 0.7272727272727273 0
1722586187321 0.7142857142857143 0
1722586187368 0.6883116883116883 0
1722586187777 0.7402597402597403 0
1722586187824 0.7337662337662337 0
1722586187918 0.7337662337662337 0
1722586187949 0.7337662337662337 0
