1722586176757 0.7550319096710849 0
1722586177230 0.7532467532467533 0
1722586177477 0.7429187192118227 0
1722586177512 0.7660818713450293 0
1722586177638 0.7521957671957672 0
1722586177890 0.7550319096710849 0
1722586179634 0.72924579489962 0
1722586179775 0.7641375997438018 0
1722586179807 0.7307760927743085 0
1722586179854 0.7660818713450293 0
1722586179939 0.7191206466722068 0
1722586179987 0.7429187192118227 0
1722586180034 0.7300646551724138 0
1722586180066 0.7058764920391368 0
1722586180144 0.72924579489962 0
1722586180238 0.7102456367162249 0
1722586180286 0.7336191190654806 0
1722586180317 0.7300646551724138 0
1722586180364 0.7185916919959473 0
1722586180396 0.7352523582612078 0
1722586180474 0.7237065229679316 0
1722586180585 0.7668219461697722 0
1722586180862 0.7760989010989011 0
1722586181661 0.7712372715859952 0
1722586181986 0.7374949979991997 0
1722586182196 0.7493975903614457 0
1722586182401 0.7421388522853525 0
1722586182763 0.7111788734825384 0
1722586183408 0.7472512396370264 0
1722586183601 0.7550319096710849 0
1722586183896 0.7421388522853525 0
1722586183927 0.7071859955083412 0
1722586183975 0.7450929597672519 0
1722586184412 0.7179559067159423 0
1722586184444 0.7094233200427891 0
1722586184537 0.7393483709273183 0
1722586184694 0.7602127145274353 0
1722586184945 0.7652380952380953 0
1722586185244 0.7283163265306122 0
1722586185292 0.7300646551724138 0
1722586185322 0.7592418185290805 0
1722586186110 0.7641375997438018 0
1722586186494 0.7712372715859952 0
1722586186912 0.7272727272727273 0
1722586187337 0.7172105911330049 0
1722586187368 0.6895043731778425 0
1722586187796 0.7402597402597403 0
1722586187840 0.7380373637058129 0
1722586187918 0.7276920238607711 0
1722586187966 0.7380373637058129 0
