1722586176757 0.757843761947241 0
1722586177214 0.7532467532467533 0
1722586177465 0.7478280577170053 0
1722586177496 0.7681818181818182 0
1722586177622 0.7514077553307892 0
1722586177890 0.757843761947241 0
1722586179618 0.7322033898305086 0
1722586179759 0.7631285523918305 0
1722586179791 0.7381824524681667 0
1722586179843 0.7681818181818182 0
1722586179939 0.7325196676714948 0
1722586179982 0.7478280577170053 0
1722586180018 0.7350608143839238 0
1722586180066 0.70450872656755 0
1722586180129 0.7322033898305086 0
1722586180223 0.7084548104956269 0
1722586180270 0.74144412756028 0
1722586180317 0.7350608143839238 0
1722586180364 0.7288554142486727 0
1722586180396 0.7372998768472907 0
1722586180458 0.750768049155146 0
1722586180569 0.7799227799227798 0
1722586180854 0.7755102040816326 0
1722586181661 0.7703619909502262 0
1722586181976 0.7462053571428571 0
1722586182196 0.7908163265306122 0
1722586182387 0.7450235758888748 0
1722586182747 0.7174664395912642 0
1722586183392 0.7478134110787172 0
1722586183589 0.757843761947241 0
1722586183889 0.7450235758888748 0
1722586183927 0.7066402116402117 0
1722586183958 0.7440206851971558 0
1722586184396 0.7254491540205826 0
1722586184444 0.7115917487684729 0
1722586184537 0.7402597402597403 0
1722586184694 0.7607507288629737 0
1722586184929 0.764511222011689 0
1722586185244 0.7296075239645505 0
1722586185292 0.7350608143839238 0
1722586185322 0.7588095238095239 0
1722586186094 0.7631285523918305 0
1722586186487 0.7703619909502262 0
1722586186912 0.7272727272727273 0
1722586187321 0.7222935710508422 0
1722586187368 0.6909283518073533 0
1722586187792 0.7402597402597403 0
1722586187824 0.7497294372294373 0
1722586187918 0.7269668737060041 0
1722586187966 0.7497294372294373 0
