1722586176757 0.7532467532467533 0
1722586177214 0.7532467532467533 0
1722586177465 0.7402597402597403 0
1722586177496 0.7727272727272727 0
1722586177622 0.7532467532467533 0
1722586177890 0.7532467532467533 0
1722586179634 0.7272727272727273 0
1722586179759 0.7662337662337663 0
1722586179807 0.7272727272727273 0
1722586179849 0.7727272727272727 0
1722586179939 0.7142857142857143 0
1722586179987 0.7402597402597403 0
1722586180018 0.7272727272727273 0
1722586180066 0.7077922077922078 0
1722586180144 0.7272727272727273 0
1722586180238 0.7142857142857143 0
1722586180283 0.7467532467532467 0
1722586180317 0.7272727272727273 0
1722586180364 0.7142857142857143 0
1722586180396 0.7337662337662337 0
1722586180458 0.7467532467532467 0
1722586180585 0.7792207792207793 0
1722586180858 0.7792207792207793 0
1722586181661 0.7727272727272727 0
1722586181986 0.7337662337662337 0
1722586182196 0.7727272727272727 0
1722586182401 0.7402597402597403 0
1722586182763 0.7077922077922078 0
1722586183408 0.7467532467532467 0
1722586183597 0.7532467532467533 0
1722586183889 0.7402597402597403 0
1722586183927 0.7077922077922078 0
1722586183958 0.7467532467532467 0
1722586184396 0.7142857142857143 0
1722586184444 0.7077922077922078 0
1722586184537 0.7467532467532467 0
1722586184694 0.7597402597402597 0
1722586184945 0.7662337662337663 0
1722586185244 0.7272727272727273 0
1722586185292 0.7272727272727273 0
1722586185322 0.7597402597402597 0
1722586186110 0.7662337662337663 0
1722586186494 0.7727272727272727 0
1722586186912 0.7272727272727273 0
1722586187321 0.7142857142857143 0
1722586187368 0.6883116883116883 0
1722586187796 0.7402597402597403 0
1722586187840 0.7337662337662337 0
1722586187918 0.7337662337662337 0
1722586187966 0.7337662337662337 0
