1722340867025 0.7662337662337663 0
1722340867039 0.7402597402597403 0
1722340867211 0.7532467532467533 0
1722340867292 0.7597402597402597 0
1722340867306 0.7532467532467533 0
1722340867632 0.7077922077922078 0
1722340867918 0.7467532467532467 0
1722340867953 0.7402597402597403 0
1722340868195 0.7142857142857143 0
1722340868210 0.7467532467532467 0
1722340868253 0.7987012987012987 0
1722340868297 0.7792207792207793 0
1722340868341 0.7792207792207793 0
1722340868373 0.7532467532467533 0
1722340868419 0.7337662337662337 0
1722340868434 0.7272727272727273 0
1722340868478 0.7922077922077922 0
1722340868520 0.7727272727272727 0
1722340868555 0.7532467532467533 0
1722340868571 0.7597402597402597 0
1722340868589 0.7077922077922078 0
1722340868632 0.7987012987012987 0
1722340868675 0.7857142857142857 0
1722340868717 0.7532467532467533 0
1722340868750 0.7662337662337663 0
1722340869060 0.7077922077922078 0
1722340869102 0.7987012987012987 0
1722340869144 0.7597402597402597 0
1722340869188 0.7272727272727273 0
1722340869222 0.7662337662337663 0
1722340869238 0.7467532467532467 0
1722340869280 0.7987012987012987 0
1722340869323 0.7727272727272727 0
1722340869342 0.6948051948051948 0
1722340869573 0.7532467532467533 0
1722340869614 0.7532467532467533 0
1722340869922 0.7857142857142857 0
1722340869993 0.7727272727272727 0
1722340870029 0.7467532467532467 0
1722340870071 0.7662337662337663 0
1722340870212 0.7532467532467533 0
1722340870257 0.7987012987012987 0
1722340870301 0.7987012987012987 0
1722340870345 0.7727272727272727 0
1722340870364 0.7077922077922078 0
1722340870409 0.7987012987012987 0
1722340870787 0.7077922077922078 0
1722340870828 0.7662337662337663 0
1722340870872 0.7987012987012987 0
1722340870887 0.7532467532467533 0
