1722340867027 0.7641375997438018 0
1722340867041 0.743596278832675 0
1722340867213 0.7550319096710849 0
1722340867294 0.7602127145274353 0
1722340867307 0.7532467532467533 0
1722340867634 0.7094233200427891 0
1722340867919 0.7481668773704172 0
1722340867955 0.7233144022134848 0
1722340868197 0.7179559067159423 0
1722340868211 0.7503001200480192 0
1722340868255 0.7941086034069245 0
1722340868298 0.7720116618075802 0
1722340868343 0.7720116618075802 0
1722340868375 0.7521957671957672 0
1722340868421 0.7276920238607711 0
1722340868435 0.72924579489962 0
1722340868479 0.7868131868131869 0
1722340868521 0.7701149425287357 0
1722340868557 0.7321540809912902 0
1722340868572 0.7569786535303777 0
1722340868591 0.7071859955083412 0
1722340868634 0.7941086034069245 0
1722340868677 0.7820912689015933 0
1722340868718 0.751034133062902 0
1722340868752 0.7652380952380953 0
1722340869061 0.7118847539015606 0
1722340869104 0.7941086034069245 0
1722340869145 0.7569786535303777 0
1722340869189 0.7218732153055397 0
1722340869224 0.7652380952380953 0
1722340869239 0.7472512396370264 0
1722340869282 0.7941086034069245 0
1722340869324 0.7701149425287357 0
1722340869344 0.7006088992974239 0
1722340869574 0.7550319096710849 0
1722340869616 0.751034133062902 0
1722340869923 0.7794486215538847 0
1722340869995 0.7731741894178443 0
1722340870030 0.7207573149741825 0
1722340870073 0.7641375997438018 0
1722340870213 0.7550319096710849 0
1722340870258 0.7941086034069245 0
1722340870303 0.7941086034069245 0
1722340870346 0.7701149425287357 0
1722340870366 0.7071859955083412 0
1722340870410 0.7941086034069245 0
1722340870788 0.7111788734825384 0
1722340870830 0.7641375997438018 0
1722340870873 0.7941086034069245 0
1722340870889 0.7541909620991253 0
