1722340867026 0.7631285523918305 0
1722340867040 0.7509157509157509 0
1722340867212 0.757843761947241 0
1722340867293 0.7607507288629737 0
1722340867307 0.7532467532467533 0
1722340867633 0.7115917487684729 0
1722340867918 0.7501539408866995 0
1722340867954 0.7358943577430973 0
1722340868196 0.7254491540205826 0
1722340868210 0.7589285714285714 0
1722340868254 0.7955486542443064 0
1722340868298 0.7754332405495196 0
1722340868342 0.7754332405495196 0
1722340868374 0.7514077553307892 0
1722340868420 0.7269668737060041 0
1722340868435 0.7322033898305086 0
1722340868478 0.7888452016892384 0
1722340868520 0.7692307692307693 0
1722340868556 0.7573339327863324 0
1722340868571 0.7559065934065935 0
1722340868590 0.7066402116402117 0
1722340868633 0.7955486542443064 0
1722340868676 0.7819800089847261 0
1722340868717 0.7498844197873323 0
1722340868751 0.764511222011689 0
1722340869060 0.7207589285714285 0
1722340869103 0.7955486542443064 0
1722340869144 0.7559065934065935 0
1722340869188 0.7206204016703122 0
1722340869223 0.764511222011689 0
1722340869238 0.7478134110787172 0
1722340869281 0.7955486542443064 0
1722340869324 0.7692307692307693 0
1722340869343 0.7193877551020408 0
1722340869573 0.757843761947241 0
1722340869615 0.7498844197873323 0
1722340869923 0.7821428571428571 0
1722340869994 0.7736880466472302 0
1722340870029 0.7551020408163265 0
1722340870072 0.7631285523918305 0
1722340870213 0.757843761947241 0
1722340870257 0.7955486542443064 0
1722340870302 0.7955486542443064 0
1722340870345 0.7692307692307693 0
1722340870365 0.7066402116402117 0
1722340870410 0.7955486542443064 0
1722340870787 0.7174664395912642 0
1722340870829 0.7631285523918305 0
1722340870872 0.7955486542443064 0
1722340870888 0.7553936387360154 0
