1722340867027 0.7662337662337663 0
1722340867040 0.7402597402597403 0
1722340867212 0.7532467532467533 0
1722340867293 0.7597402597402597 0
1722340867307 0.7532467532467533 0
1722340867633 0.7077922077922078 0
1722340867919 0.7467532467532467 0
1722340867954 0.7402597402597403 0
1722340868196 0.7142857142857143 0
1722340868211 0.7467532467532467 0
1722340868254 0.7987012987012987 0
1722340868298 0.7792207792207793 0
1722340868342 0.7792207792207793 0
1722340868374 0.7532467532467533 0
1722340868420 0.7337662337662337 0
1722340868435 0.7272727272727273 0
1722340868479 0.7922077922077922 0
1722340868521 0.7727272727272727 0
1722340868557 0.7532467532467533 0
1722340868572 0.7597402597402597 0
1722340868590 0.7077922077922078 0
1722340868633 0.7987012987012987 0
1722340868676 0.7857142857142857 0
1722340868718 0.7532467532467533 0
1722340868751 0.7662337662337663 0
1722340869061 0.7077922077922078 0
1722340869103 0.7987012987012987 0
1722340869145 0.7597402597402597 0
1722340869189 0.7272727272727273 0
1722340869223 0.7662337662337663 0
1722340869239 0.7467532467532467 0
1722340869281 0.7987012987012987 0
1722340869324 0.7727272727272727 0
1722340869343 0.6948051948051948 0
1722340869574 0.7532467532467533 0
1722340869615 0.7532467532467533 0
1722340869923 0.7857142857142857 0
1722340869994 0.7727272727272727 0
1722340870030 0.7467532467532467 0
1722340870072 0.7662337662337663 0
1722340870213 0.7532467532467533 0
1722340870258 0.7987012987012987 0
1722340870302 0.7987012987012987 0
1722340870346 0.7727272727272727 0
1722340870366 0.7077922077922078 0
1722340870410 0.7987012987012987 0
1722340870788 0.7077922077922078 0
1722340870829 0.7662337662337663 0
1722340870873 0.7987012987012987 0
1722340870888 0.7532467532467533 0
