1722339601211 0.7532467532467533 0
1722339601421 0.7467532467532467 0
1722339601432 0.7662337662337663 0
1722339601441 0.7077922077922078 0
1722339601575 0.7532467532467533 0
1722339602108 0.7077922077922078 0
1722339602852 0.7207792207792207 0
1722339602861 0.7597402597402597 0
1722339602896 0.7662337662337663 0
1722339602955 0.7532467532467533 0
1722339602967 0.7792207792207793 0
1722339602978 0.7727272727272727 0
1722339602989 0.7727272727272727 0
1722339603000 0.7532467532467533 0
1722339603012 0.7532467532467533 0
1722339603026 0.7077922077922078 0
1722339603056 0.7467532467532467 0
1722339603068 0.7597402597402597 0
1722339603079 0.7532467532467533 0
1722339603090 0.7597402597402597 0
1722339603105 0.6948051948051948 0
1722339603116 0.7727272727272727 0
1722339603128 0.7727272727272727 0
1722339603139 0.7597402597402597 0
1722339603150 0.7727272727272727 0
1722339603464 0.7467532467532467 0
1722339603504 0.7987012987012987 0
1722339603543 0.7727272727272727 0
1722339603582 0.7337662337662337 0
1722339603620 0.7662337662337663 0
1722339603687 0.7532467532467533 0
1722339603699 0.7337662337662337 0
1722339603765 0.7662337662337663 0
1722339603777 0.7467532467532467 0
1722339603792 0.7272727272727273 0
1722339603803 0.7597402597402597 0
1722339603835 0.7402597402597403 0
1722339604379 0.7662337662337663 0
1722339604699 0.7467532467532467 0
1722339604712 0.7597402597402597 0
1722339604979 0.7077922077922078 0
1722339604992 0.7792207792207793 0
1722339605003 0.7727272727272727 0
1722339605015 0.7597402597402597 0
1722339605027 0.7597402597402597 0
1722339605038 0.7532467532467533 0
1722339605308 0.7532467532467533 0
1722339605324 0.7402597402597403 0
1722339605364 0.7987012987012987 0
1722339605402 0.7662337662337663 0
