1722342087239 0.7662337662337663 0
1722342087678 0.7272727272727273 0
1722342087953 0.7142857142857143 0
1722342087967 0.7597402597402597 0
1722342087980 0.7532467532467533 0
1722342088202 0.7467532467532467 0
1722342088216 0.7597402597402597 0
1722342088267 0.7662337662337663 0
1722342088285 0.7272727272727273 0
1722342088325 0.7337662337662337 0
1722342088341 0.7662337662337663 0
1722342088474 0.7532467532467533 0
1722342088510 0.7597402597402597 0
1722342088838 0.7467532467532467 0
1722342088874 0.7467532467532467 0
1722342088890 0.7467532467532467 0
1722342088905 0.7272727272727273 0
1722342088961 0.7532467532467533 0
1722342089269 0.7662337662337663 0
1722342089343 0.7467532467532467 0
1722342089362 0.6948051948051948 0
1722342089377 0.7727272727272727 0
1722342089393 0.7597402597402597 0
1722342089408 0.7727272727272727 0
1722342089423 0.7727272727272727 0
1722342089439 0.7597402597402597 0
1722342089454 0.7597402597402597 0
1722342089470 0.7597402597402597 0
1722342089485 0.7727272727272727 0
1722342089500 0.7662337662337663 0
1722342089515 0.7597402597402597 0
1722342089530 0.7727272727272727 0
1722342089546 0.7792207792207793 0
1722342089773 0.7142857142857143 0
1722342089788 0.7597402597402597 0
1722342089804 0.7597402597402597 0
1722342089822 0.7077922077922078 0
1722342090089 0.7792207792207793 0
1722342090348 0.7792207792207793 0
1722342090611 0.7662337662337663 0
1722342090872 0.7467532467532467 0
1722342091119 0.7272727272727273 0
1722342091375 0.7402597402597403 0
1722342091820 0.7597402597402597 0
1722342091972 0.7142857142857143 0
1722342092167 0.7467532467532467 0
1722342092304 0.7337662337662337 0
1722342092324 0.7337662337662337 0
1722342092692 0.7207792207792207 0
1722342092868 0.7467532467532467 0
