1722342087240 0.7616056131190341 0
1722342087680 0.72924579489962 0
1722342087954 0.7163527375138878 0
1722342087968 0.7625248515300871 0
1722342087982 0.7532467532467533 0
1722342088203 0.7481668773704172 0
1722342088218 0.7569786535303777 0
1722342088269 0.7652380952380953 0
1722342088287 0.7318878900052882 0
1722342088326 0.7292649098474341 0
1722342088342 0.7616056131190341 0
1722342088476 0.7521957671957672 0
1722342088511 0.7592418185290805 0
1722342088840 0.7481668773704172 0
1722342088876 0.7264560996812518 0
1722342088891 0.7450929597672519 0
1722342088906 0.72924579489962 0
1722342088963 0.7521957671957672 0
1722342089271 0.7652380952380953 0
1722342089344 0.7472512396370264 0
1722342089363 0.7006088992974239 0
1722342089379 0.7660818713450293 0
1722342089394 0.7569786535303777 0
1722342089409 0.7675419715884632 0
1722342089425 0.7660818713450293 0
1722342089440 0.7569786535303777 0
1722342089455 0.7569786535303777 0
1722342089471 0.7592418185290805 0
1722342089486 0.7660818713450293 0
1722342089501 0.7662337662337663 0
1722342089517 0.7569786535303777 0
1722342089532 0.7675419715884632 0
1722342089547 0.773489010989011 0
1722342089774 0.7163527375138878 0
1722342089790 0.7569786535303777 0
1722342089805 0.7569786535303777 0
1722342089824 0.7071859955083412 0
1722342090091 0.7748497457235322 0
1722342090349 0.7760989010989011 0
1722342090613 0.7641375997438018 0
1722342090873 0.7481668773704172 0
1722342091120 0.72924579489962 0
1722342091377 0.7379306663820021 0
1722342091821 0.7602127145274353 0
1722342091973 0.7179559067159423 0
1722342092168 0.7481668773704172 0
1722342092306 0.7332139070187108 0
1722342092325 0.7380373637058129 0
1722342092693 0.7232323882470312 0
1722342092869 0.7489782125961445 0
