1722342087240 0.7614407862966225 0
1722342087679 0.7322033898305086 0
1722342087954 0.7193832037721423 0
1722342087968 0.7684582248046484 0
1722342087981 0.7532467532467533 0
1722342088202 0.7501539408866995 0
1722342088217 0.7559065934065935 0
1722342088268 0.764511222011689 0
1722342088286 0.7452393206381883 0
1722342088325 0.7279593441150045 0
1722342088341 0.7614407862966225 0
1722342088475 0.7514077553307892 0
1722342088510 0.7588095238095239 0
1722342088839 0.7501539408866995 0
1722342088875 0.7473653395784544 0
1722342088891 0.7440206851971558 0
1722342088905 0.7322033898305086 0
1722342088962 0.7514077553307892 0
1722342089270 0.764511222011689 0
1722342089343 0.7478134110787172 0
1722342089362 0.7193877551020408 0
1722342089378 0.7681818181818182 0
1722342089393 0.7559065934065935 0
1722342089409 0.7681159420289854 0
1722342089424 0.7681818181818182 0
1722342089439 0.7559065934065935 0
1722342089454 0.7559065934065935 0
1722342089470 0.7588095238095239 0
1722342089485 0.7681818181818182 0
1722342089500 0.7662337662337663 0
1722342089516 0.7559065934065935 0
1722342089531 0.7681159420289854 0
1722342089546 0.7750109217999126 0
1722342089773 0.7193832037721423 0
1722342089789 0.7559065934065935 0
1722342089804 0.7559065934065935 0
1722342089823 0.7066402116402117 0
1722342090090 0.7750475811720592 0
1722342090349 0.7755102040816326 0
1722342090612 0.7631285523918305 0
1722342090872 0.7501539408866995 0
1722342091119 0.7322033898305086 0
1722342091376 0.7366402871828344 0
1722342091821 0.7607507288629737 0
1722342091972 0.7254491540205826 0
1722342092167 0.7501539408866995 0
1722342092305 0.7327248677248678 0
1722342092324 0.7497294372294373 0
1722342092692 0.7272036474164133 0
1722342092869 0.7527862208713273 0
