1722342087240 0.7662337662337663 0
1722342087679 0.7272727272727273 0
1722342087954 0.7142857142857143 0
1722342087968 0.7597402597402597 0
1722342087981 0.7532467532467533 0
1722342088203 0.7467532467532467 0
1722342088217 0.7597402597402597 0
1722342088269 0.7662337662337663 0
1722342088287 0.7272727272727273 0
1722342088326 0.7337662337662337 0
1722342088342 0.7662337662337663 0
1722342088475 0.7532467532467533 0
1722342088511 0.7597402597402597 0
1722342088839 0.7467532467532467 0
1722342088875 0.7467532467532467 0
1722342088891 0.7467532467532467 0
1722342088906 0.7272727272727273 0
1722342088963 0.7532467532467533 0
1722342089270 0.7662337662337663 0
1722342089344 0.7467532467532467 0
1722342089363 0.6948051948051948 0
1722342089378 0.7727272727272727 0
1722342089393 0.7597402597402597 0
1722342089409 0.7727272727272727 0
1722342089424 0.7727272727272727 0
1722342089439 0.7597402597402597 0
1722342089455 0.7597402597402597 0
1722342089471 0.7597402597402597 0
1722342089486 0.7727272727272727 0
1722342089501 0.7662337662337663 0
1722342089516 0.7597402597402597 0
1722342089531 0.7727272727272727 0
1722342089547 0.7792207792207793 0
1722342089774 0.7142857142857143 0
1722342089789 0.7597402597402597 0
1722342089805 0.7597402597402597 0
1722342089823 0.7077922077922078 0
1722342090090 0.7792207792207793 0
1722342090349 0.7792207792207793 0
1722342090612 0.7662337662337663 0
1722342090873 0.7467532467532467 0
1722342091120 0.7272727272727273 0
1722342091376 0.7402597402597403 0
1722342091821 0.7597402597402597 0
1722342091973 0.7142857142857143 0
1722342092168 0.7467532467532467 0
1722342092305 0.7337662337662337 0
1722342092325 0.7337662337662337 0
1722342092693 0.7207792207792207 0
1722342092869 0.7467532467532467 0
