1722339787487 0.7727272727272727 0
1722339787498 0.6948051948051948 0
1722339787507 0.7597402597402597 0
1722339787607 0.7597402597402597 0
1722339787617 0.7532467532467533 0
1722339787625 0.7597402597402597 0
1722339787941 0.7467532467532467 0
1722339787950 0.7272727272727273 0
1722339787985 0.7987012987012987 0
1722339788041 0.7532467532467533 0
1722339788109 0.7532467532467533 0
1722339788147 0.7857142857142857 0
1722339788186 0.7987012987012987 0
1722339788224 0.7987012987012987 0
1722339788256 0.7402597402597403 0
1722339788293 0.7662337662337663 0
1722339788826 0.7272727272727273 0
1722339788841 0.7077922077922078 0
1722339788881 0.7857142857142857 0
1722339788918 0.7662337662337663 0
1722339788951 0.7402597402597403 0
1722339788991 0.7857142857142857 0
1722339789031 0.7857142857142857 0
1722339789069 0.7857142857142857 0
1722339789099 0.7597402597402597 0
1722339789114 0.6948051948051948 0
1722339789480 0.7727272727272727 0
1722339789525 0.7532467532467533 0
1722339789564 0.7402597402597403 0
1722339789780 0.7467532467532467 0
1722339789819 0.7987012987012987 0
1722339789858 0.7987012987012987 0
1722339789899 0.7922077922077922 0
1722339789914 0.7077922077922078 0
1722339789952 0.7922077922077922 0
1722339790097 0.7532467532467533 0
1722339790127 0.7597402597402597 0
1722339790139 0.7597402597402597 0
1722339790572 0.7337662337662337 0
1722339790638 0.7532467532467533 0
1722339790650 0.7597402597402597 0
1722339790688 0.7987012987012987 0
1722339790732 0.7142857142857143 0
1722339790771 0.7987012987012987 0
1722339790809 0.7727272727272727 0
1722339790840 0.7532467532467533 0
1722339790878 0.7597402597402597 0
1722339790893 0.7402597402597403 0
1722339790932 0.7987012987012987 0
1722339790944 0.7532467532467533 0
