1722339764316 0.7662337662337663 0
1722339764436 0.7532467532467533 0
1722339764571 0.7532467532467533 0
1722339764603 0.7402597402597403 0
1722339764786 0.7337662337662337 0
1722339764820 0.7467532467532467 0
1722339766042 0.7207792207792207 0
1722339766305 0.7467532467532467 0
1722339766341 0.7272727272727273 0
1722339766412 0.7532467532467533 0
1722339766423 0.7337662337662337 0
1722339766438 0.6948051948051948 0
1722339766449 0.7597402597402597 0
1722339766460 0.7597402597402597 0
1722339766471 0.7597402597402597 0
1722339766482 0.7597402597402597 0
1722339766492 0.7272727272727273 0
1722339766505 0.7727272727272727 0
1722339766518 0.7727272727272727 0
1722339766531 0.7727272727272727 0
1722339766545 0.7077922077922078 0
1722339766558 0.7727272727272727 0
1722339766573 0.7077922077922078 0
1722339766587 0.7077922077922078 0
1722339766600 0.7727272727272727 0
1722339766615 0.7272727272727273 0
1722339766630 0.7077922077922078 0
1722339766645 0.7402597402597403 0
1722339766659 0.6883116883116883 0
1722339767086 0.7012987012987013 0
1722339767101 0.7337662337662337 0
1722339767115 0.7727272727272727 0
1722339767130 0.6883116883116883 0
1722339767143 0.7727272727272727 0
1722339767158 0.7597402597402597 0
1722339767173 0.7337662337662337 0
1722339767289 0.7532467532467533 0
1722339767573 0.7597402597402597 0
1722339767817 0.7597402597402597 0
1722339767832 0.7142857142857143 0
1722339767869 0.7662337662337663 0
1722339767884 0.7727272727272727 0
1722339767898 0.7467532467532467 0
1722339767912 0.7727272727272727 0
1722339767980 0.7337662337662337 0
1722339767995 0.7467532467532467 0
1722339768220 0.7142857142857143 0
1722339768235 0.6883116883116883 0
1722339768363 0.7532467532467533 0
1722339768380 0.7272727272727273 0
