1722434915512 0.7597402597402597 0
1722434915545 0.7402597402597403 0
1722434915558 0.7597402597402597 0
1722434915595 0.7467532467532467 0
1722434915714 0.7727272727272727 0
1722434915729 0.7077922077922078 0
1722434915743 0.7142857142857143 0
1722434915757 0.7337662337662337 0
1722434915787 0.7662337662337663 0
1722434915802 0.7337662337662337 0
1722434915921 0.7662337662337663 0
1722434916213 0.7532467532467533 0
1722434916283 0.7532467532467533 0
1722434916400 0.7532467532467533 0
1722434916580 0.7532467532467533 0
1722434917030 0.7142857142857143 0
1722434917072 0.7532467532467533 0
1722434917165 0.7467532467532467 0
1722434917210 0.7662337662337663 0
1722434917440 0.7532467532467533 0
1722434917464 0.7272727272727273 0
1722434917603 0.7532467532467533 0
1722434917704 0.7727272727272727 0
1722434917821 0.7532467532467533 0
1722434917961 0.7467532467532467 0
1722434918247 0.7142857142857143 0
1722434918323 0.7532467532467533 0
1722434918452 0.7467532467532467 0
1722434918642 0.7597402597402597 0
1722434918658 0.7337662337662337 0
1722434918699 0.7662337662337663 0
1722434918819 0.7662337662337663 0
1722434918958 0.7532467532467533 0
1722434919092 0.7662337662337663 0
1722434919108 0.7532467532467533 0
1722434919215 0.7402597402597403 0
1722434919249 0.7597402597402597 0
1722434919382 0.7532467532467533 0
1722434919402 0.7142857142857143 0
1722434919465 0.7532467532467533 0
1722434919786 0.7467532467532467 0
1722434919827 0.7662337662337663 0
1722434919866 0.7597402597402597 0
1722434919918 0.7532467532467533 0
1722434919938 0.6818181818181818 0
1722434920024 0.7532467532467533 0
1722434920082 0.7467532467532467 0
1722434920283 0.7402597402597403 0
1722434920707 0.7207792207792207 0
1722434920723 0.7597402597402597 0
