1722434915513 0.7592418185290805 0
1722434915547 0.7120039468409854 0
1722434915560 0.7569786535303777 0
1722434915596 0.7336191190654806 0
1722434915715 0.7627872498146775 0
1722434915730 0.7118847539015606 0
1722434915744 0.7185916919959473 0
1722434915759 0.7361053004215878 0
1722434915789 0.7652380952380953 0
1722434915803 0.7368518625063128 0
1722434915923 0.7569070080862534 0
1722434916215 0.7557727832512315 0
1722434916285 0.7541909620991253 0
1722434916401 0.7521957671957672 0
1722434916582 0.7541909620991253 0
1722434917032 0.7153790087463556 0
1722434917074 0.751034133062902 0
1722434917166 0.7472512396370264 0
1722434917211 0.7652380952380953 0
1722434917441 0.7550319096710849 0
1722434917466 0.72924579489962 0
1722434917605 0.7532467532467533 0
1722434917706 0.7644989495285093 0
1722434917823 0.7550319096710849 0
1722434917962 0.7481668773704172 0
1722434918248 0.7185916919959473 0
1722434918324 0.7521957671957672 0
1722434918454 0.7481668773704172 0
1722434918644 0.7610813964796267 0
1722434918659 0.7352523582612078 0
1722434918700 0.7641375997438018 0
1722434918820 0.7569070080862534 0
1722434918959 0.7532467532467533 0
1722434919094 0.7569070080862534 0
1722434919109 0.7541909620991253 0
1722434919216 0.7412536443148688 0
1722434919251 0.7592418185290805 0
1722434919384 0.7532467532467533 0
1722434919403 0.7142857142857143 0
1722434919467 0.7521957671957672 0
1722434919787 0.7462278627738957 0
1722434919829 0.7652380952380953 0
1722434919868 0.7592418185290805 0
1722434919920 0.7521957671957672 0
1722434919940 0.6878688524590164 0
1722434920025 0.7521957671957672 0
1722434920084 0.7393483709273183 0
1722434920284 0.7421388522853525 0
1722434920708 0.7232323882470312 0
1722434920725 0.7592418185290805 0
