1722434915512 0.7588095238095239 0
1722434915546 0.7485314335708037 0
1722434915559 0.7559065934065935 0
1722434915595 0.74144412756028 0
1722434915715 0.7697368421052632 0
1722434915729 0.7207589285714285 0
1722434915744 0.7288554142486727 0
1722434915758 0.7399949341438703 0
1722434915788 0.764511222011689 0
1722434915803 0.7429623321979564 0
1722434915922 0.761956153063427 0
1722434916214 0.7605953010500869 0
1722434916284 0.7553936387360154 0
1722434916400 0.7514077553307892 0
1722434916581 0.7553936387360154 0
1722434917031 0.7167144665788181 0
1722434917073 0.7498844197873323 0
1722434917166 0.7478134110787172 0
1722434917211 0.764511222011689 0
1722434917441 0.757843761947241 0
1722434917465 0.7322033898305086 0
1722434917604 0.7532467532467533 0
1722434917705 0.7687074829931972 0
1722434917822 0.757843761947241 0
1722434917961 0.7501539408866995 0
1722434918248 0.7288554142486727 0
1722434918323 0.7514077553307892 0
1722434918453 0.7501539408866995 0
1722434918643 0.7630080049261084 0
1722434918658 0.7372998768472907 0
1722434918700 0.7631285523918305 0
1722434918819 0.761956153063427 0
1722434918959 0.7532467532467533 0
1722434919093 0.761956153063427 0
1722434919108 0.7553936387360154 0
1722434919215 0.742500581350283 0
1722434919250 0.7588095238095239 0
1722434919383 0.7532467532467533 0
1722434919402 0.7142857142857143 0
1722434919466 0.7514077553307892 0
1722434919787 0.7457671957671957 0
1722434919828 0.764511222011689 0
1722434919867 0.7588095238095239 0
1722434919919 0.7514077553307892 0
1722434919939 0.7066326530612246 0
1722434920024 0.7514077553307892 0
1722434920083 0.7402597402597403 0
1722434920284 0.7450235758888748 0
1722434920708 0.7272036474164133 0
1722434920724 0.7588095238095239 0
