1722434915513 0.7597402597402597 0
1722434915546 0.7402597402597403 0
1722434915559 0.7597402597402597 0
1722434915596 0.7467532467532467 0
1722434915715 0.7727272727272727 0
1722434915730 0.7077922077922078 0
1722434915744 0.7142857142857143 0
1722434915758 0.7337662337662337 0
1722434915788 0.7662337662337663 0
1722434915803 0.7337662337662337 0
1722434915922 0.7662337662337663 0
1722434916214 0.7532467532467533 0
1722434916284 0.7532467532467533 0
1722434916401 0.7532467532467533 0
1722434916581 0.7532467532467533 0
1722434917031 0.7142857142857143 0
1722434917073 0.7532467532467533 0
1722434917166 0.7467532467532467 0
1722434917211 0.7662337662337663 0
1722434917441 0.7532467532467533 0
1722434917465 0.7272727272727273 0
1722434917604 0.7532467532467533 0
1722434917705 0.7727272727272727 0
1722434917823 0.7532467532467533 0
1722434917962 0.7467532467532467 0
1722434918248 0.7142857142857143 0
1722434918324 0.7532467532467533 0
1722434918453 0.7467532467532467 0
1722434918643 0.7597402597402597 0
1722434918658 0.7337662337662337 0
1722434918700 0.7662337662337663 0
1722434918820 0.7662337662337663 0
1722434918959 0.7532467532467533 0
1722434919093 0.7662337662337663 0
1722434919109 0.7532467532467533 0
1722434919216 0.7402597402597403 0
1722434919250 0.7597402597402597 0
1722434919383 0.7532467532467533 0
1722434919403 0.7142857142857143 0
1722434919466 0.7532467532467533 0
1722434919787 0.7467532467532467 0
1722434919828 0.7662337662337663 0
1722434919867 0.7597402597402597 0
1722434919919 0.7532467532467533 0
1722434919940 0.6818181818181818 0
1722434920025 0.7532467532467533 0
1722434920083 0.7467532467532467 0
1722434920284 0.7402597402597403 0
1722434920708 0.7207792207792207 0
1722434920724 0.7597402597402597 0
